10
20
0.268648
0.160215
0.728797
0.898015
0.945992
0.286533
0.75827
0.238631
0.66443
0.0788561
0.333868
0.325821
0.0765261
0.174395
0.0567132
0.178764
0.479812
0.201304
0.321195
0.331244
20
0.268648
0.160215
0.728797
0.898015
0.945992
0.286533
0.75827
0.238631
0.66443
0.0788561
0.333868
0.325821
0.0765261
0.174395
0.0567132
0.178764
0.479812
0.201304
0.321195
0.331244
20
0.268648
0.160215
0.728797
0.898015
0.945992
0.286533
0.75827
0.238631
0.66443
0.0788561
0.333868
0.325821
0.0765261
0.174395
0.0567132
0.178764
0.479812
0.201304
0.321195
0.331244
20
0.268648
0.160215
0.728797
0.898015
0.945992
0.286533
0.75827
0.238631
0.66443
0.0788561
0.333868
0.325821
0.0765261
0.174395
0.0567132
0.178764
0.479812
0.201304
0.321195
0.331244
20
0.268648
0.160215
0.728797
0.898015
0.945992
0.286533
0.75827
0.238631
0.66443
0.0788561
0.333868
0.325821
0.0765261
0.174395
0.0567132
0.178764
0.479812
0.201304
0.321195
0.331244
20
0.268648
0.160215
0.728797
0.898015
0.945992
0.286533
0.75827
0.238631
0.66443
0.0788561
0.333868
0.325821
0.0765261
0.174395
0.0567132
0.178764
0.479812
0.201304
0.321195
0.331244
20
0.268648
0.160215
0.728797
0.898015
0.945992
0.286533
0.75827
0.238631
0.66443
0.0788561
0.333868
0.325821
0.0765261
0.174395
0.0567132
0.178764
0.479812
0.201304
0.321195
0.331244
20
0.268648
0.160215
0.728797
0.898015
0.945992
0.286533
0.75827
0.238631
0.66443
0.0788561
0.333868
0.325821
0.0765261
0.174395
0.0567132
0.178764
0.479812
0.201304
0.321195
0.331244
20
0.268648
0.160215
0.728797
0.898015
0.945992
0.286533
0.75827
0.238631
0.66443
0.0788561
0.333868
0.325821
0.0765261
0.174395
0.0567132
0.178764
0.479812
0.201304
0.321195
0.331244
20
0.268648
0.160215
0.728797
0.898015
0.945992
0.286533
0.75827
0.238631
0.66443
0.0788561
0.333868
0.325821
0.0765261
0.174395
0.0567132
0.178764
0.479812
0.201304
0.321195
0.331244
