10
20
0.269602
0.207825
0.912647
0.853332
0.943595
0.999554
0.497713
0.0601261
0.538592
0.111389
0.121122
0.694619
0.454298
0.392192
0.579033
0.802187
0.360037
0.140483
0.0979048
0.485997
20
0.269602
0.207825
0.912647
0.853332
0.943595
0.999554
0.497713
0.0601261
0.538592
0.111389
0.121122
0.694619
0.454298
0.392192
0.579033
0.802187
0.360037
0.140483
0.0979048
0.485997
20
0.269602
0.207825
0.912647
0.853332
0.943595
0.999554
0.497713
0.0601261
0.538592
0.111389
0.121122
0.694619
0.454298
0.392192
0.579033
0.802187
0.360037
0.140483
0.0979048
0.485997
20
0.269602
0.207825
0.912647
0.853332
0.943595
0.999554
0.497713
0.0601261
0.538592
0.111389
0.121122
0.694619
0.454298
0.392192
0.579033
0.802187
0.360037
0.140483
0.0979048
0.485997
20
0.269602
0.207825
0.912647
0.853332
0.943595
0.999554
0.497713
0.0601261
0.538592
0.111389
0.121122
0.694619
0.454298
0.392192
0.579033
0.802187
0.360037
0.140483
0.0979048
0.485997
20
0.269602
0.207825
0.912647
0.853332
0.943595
0.999554
0.497713
0.0601261
0.538592
0.111389
0.121122
0.694619
0.454298
0.392192
0.579033
0.802187
0.360037
0.140483
0.0979048
0.485997
20
0.269602
0.207825
0.912647
0.853332
0.943595
0.999554
0.497713
0.0601261
0.538592
0.111389
0.121122
0.694619
0.454298
0.392192
0.579033
0.802187
0.360037
0.140483
0.0979048
0.485997
20
0.269602
0.207825
0.912647
0.853332
0.943595
0.999554
0.497713
0.0601261
0.538592
0.111389
0.121122
0.694619
0.454298
0.392192
0.579033
0.802187
0.360037
0.140483
0.0979048
0.485997
20
0.269602
0.207825
0.912647
0.853332
0.943595
0.999554
0.497713
0.0601261
0.538592
0.111389
0.121122
0.694619
0.454298
0.392192
0.579033
0.802187
0.360037
0.140483
0.0979048
0.485997
20
0.269602
0.207825
0.912647
0.853332
0.943595
0.999554
0.497713
0.0601261
0.538592
0.111389
0.121122
0.694619
0.454298
0.392192
0.579033
0.802187
0.360037
0.140483
0.0979048
0.485997
